2432.000000 936.958862
3250.000000 1049.652100
3003.000000 966.450195
1636.000000 1029.848022
2260.000000 1143.845947
2781.000000 925.842834
1381.000000 805.612305
2569.000000 1144.658691
2432.000000 904.483765
2207.000000 881.349854
1696.000000 687.477844
2017.000000 840.369202
2699.000000 847.858398
1886.000000 799.857544
1301.000000 786.898010
2848.000000 693.262878
1983.000000 739.925293
3238.000000 715.036072
1353.000000 727.514526
1648.000000 864.774231
2216.000000 786.536682
1989.000000 955.503845
2718.000000 783.554626
2639.000000 760.981445
1946.000000 734.437622
2483.000000 708.123535
2836.000000 883.464355
1989.000000 821.924866
2894.000000 1123.312744
2325.000000 816.435425
1429.000000 1001.038818
1293.000000 665.117615
1650.000000 721.551697
1652.000000 734.148621
2569.000000 796.920166
2918.000000 838.337830
2261.000000 765.819763
2940.000000 738.042297
3188.000000 994.395386
3020.000000 777.359741
2035.000000 744.961853
2399.000000 738.330688
2763.000000 703.442200
2580.000000 1019.352295
2641.000000 868.840454
2430.000000 691.498047
3103.000000 886.934814
2481.000000 811.990662
1299.000000 728.128723
858.000000 809.360840
1258.000000 680.714783
2948.000000 835.348755
1672.000000 754.787292
1614.000000 1003.086060
2877.000000 771.723389
1616.000000 728.908264
2416.000000 748.867126
1530.000000 702.162109
2772.000000 872.770447
2466.000000 715.615540
2770.000000 780.484497
2304.000000 701.109741
2063.000000 651.168884
2530.000000 948.080627
1820.000000 858.626587
3041.000000 1082.405640
2226.000000 913.378845
3285.000000 1026.785889
2179.000000 984.170227
2403.000000 1047.517700
2669.000000 997.754578
1972.000000 868.920044
2401.000000 905.602051
2014.000000 945.594055
2280.000000 812.428589
1251.000000 997.313599
3175.000000 934.833130
2898.000000 924.064697
1307.000000 730.696228
2915.000000 799.400146
2905.000000 846.233032
1683.000000 679.492920
2244.000000 842.241333
1713.000000 753.063477
1269.000000 712.540771
2194.000000 791.068115
3005.000000 855.905151
3033.000000 860.921936
2465.000000 841.034180
2849.000000 900.987427
2625.000000 847.763367
2266.000000 944.451172
2069.000000 807.089661
1766.000000 897.354004
2123.000000 822.567078
1013.000000 686.677490
1668.000000 934.041382
3312.000000 752.806396
1519.000000 792.694031
1348.000000 819.248535
1840.000000 697.426392
2757.000000 719.916260
3081.000000 825.541016
1711.000000 761.648804
968.000000 683.465759
2085.000000 896.306885
2179.000000 711.377075
2921.000000 914.633911
1197.000000 634.650269
1823.000000 751.715027
2443.000000 820.050903
2194.000000 618.156128
2615.000000 731.816223
2120.000000 783.089417
2370.000000 808.867371
1290.000000 545.476135
972.000000 823.286865
891.000000 623.011597
2246.000000 907.981812
925.000000 612.974060
2664.000000 787.692078
622.000000 603.895081
3199.000000 832.541687
2353.000000 815.636047
1841.000000 744.381897
2558.000000 736.096313
2711.000000 753.513184
2010.000000 842.472412
813.000000 678.795166
2409.000000 1038.440918
1420.000000 821.979858
1477.000000 878.235046
1318.000000 736.783386
1856.000000 1055.437012
1798.000000 909.291443
2009.000000 957.351562
1043.000000 905.680847
2427.000000 923.363892
2447.000000 1060.646851
2746.000000 897.222412
1658.000000 1010.582458
2223.000000 912.250977
1867.000000 935.403748
2483.000000 970.645569
905.000000 747.197754
1953.000000 802.111206
1594.000000 820.977173
622.999939 814.663391
1064.000000 840.879211
641.000000 788.874390
1636.000000 882.038818
2508.000000 852.396179
1924.000000 830.610962
2383.000000 902.557495
2269.000000 769.658020
2545.000000 855.514587
3193.000000 887.730774
2022.000000 910.495117
2011.000000 876.535706
1180.000000 808.739319
2017.000000 910.398987
1210.000000 817.313293
2003.000000 805.256104
1073.000000 770.267639
3133.000000 813.803040
2147.000000 900.748413
1541.000000 818.740723
2033.000000 926.225159
2271.000000 784.962158
2063.000000 823.226624
1731.000000 1004.566284
1504.000000 655.266663
1554.000000 714.763977
1516.000000 779.744324
3047.000000 905.134766
1566.000000 656.907104
2045.000000 918.148682
1791.000000 728.264587
2703.000000 797.499817
2383.000000 920.566895
2047.000000 930.336853
2197.000000 831.287720
814.000000 655.403870
1587.000000 814.714905
1983.000000 738.344055
2395.000000 857.516968
1845.000000 841.413757
1451.000000 662.096619
2796.000000 850.938171
1993.000000 699.918579
1967.000000 992.650269
1261.000000 653.152222
863.000000 638.112854
2910.000000 1015.565430
1476.000000 826.491638
2323.000000 875.590698
2372.000000 1034.204102
1814.000000 877.438782
2646.000000 1035.883057
1789.000000 908.497803
2172.000000 978.604065
1451.000000 829.993713
1784.000000 982.572083
1736.000000 952.632385
2856.000000 946.125305
1196.000000 703.443542
1726.000000 940.919373
1475.000000 841.346436
1033.000000 774.760315
1600.000000 896.804871
2188.000000 944.072937
1707.000000 952.493225
1691.000000 750.994385
1388.000000 1034.686646
2173.000000 1053.511719
1523.000000 750.338074
1631.000000 757.936646
1797.000000 862.463501
2238.000000 1094.249756
1285.000000 826.527893
2009.000000 999.113953
2654.000000 807.219971
915.000000 704.785278
1686.000000 851.192322
1993.000000 840.704102
1163.000000 960.406372
1911.000000 873.482361
1407.000000 784.780701
2225.000000 847.420166
1996.000000 808.736633
2100.000000 791.963867
1817.000000 693.502563
1405.000000 883.964844
2556.000000 740.371643
2405.000000 833.228271
2207.000000 730.491089
1518.000000 785.936890
1063.000000 731.937439
1155.000000 715.063538
552.000000 699.640137
2199.000000 870.499756
1765.000000 670.202881
2538.000000 783.713196
1685.000000 667.365417
1843.000000 773.295654
1710.000000 845.295776
1521.000000 604.666687
1134.000000 728.283813
2097.000000 1034.510742
1114.000000 673.710693
891.000000 701.453918
1493.000000 639.863403
970.000000 702.862915
1799.000000 738.007507
2562.000000 894.608032
1526.000000 854.853088
1493.000000 867.059448
912.000000 787.952942
3315.000000 956.501831
2477.000000 912.202637
2314.000000 959.596497
1327.000000 1130.842651
2361.000000 972.756409
2377.000000 877.707275
1669.000000 862.954285
2177.000000 995.899292
1605.000000 808.817993
1615.000000 980.244324
2927.000000 910.525818
2363.000000 904.546570
2248.000000 878.090271
1691.000000 912.963013
2105.000000 1033.771606
2022.000000 994.740540
1327.000000 1117.896362
2528.000000 861.736145
1187.000000 893.902405
2305.000000 978.696716
1596.000000 890.926025
2032.000000 863.136719
2254.000000 889.337585
1896.000000 789.938904
1423.000000 659.652100
2217.000000 695.115784
2003.000000 831.239136
2341.000000 864.425171
2155.000000 848.733643
1453.000000 679.930054
1068.000000 624.466309
2877.000000 953.254944
1081.000000 701.792053
1925.000000 786.711304
1921.000000 837.809814
1332.000000 692.715149
2226.000000 919.855164
2009.000000 716.079834
2199.000000 708.601318
3155.000000 716.197205
2308.000000 759.921082
1806.000000 631.617615
1676.000000 741.860535
860.000000 656.421387
2734.000000 888.170532
2923.000000 1007.481812
1792.000000 835.310059
829.000000 666.583191
2407.000000 786.431702
2154.000000 781.919373
665.000000 654.268555
1790.000000 636.092407
2209.000000 661.509644
2027.000000 725.170288
1104.000000 754.353638
1490.000000 820.361938
843.000000 602.893616
2542.000000 783.575134
1522.000000 760.437805
2908.000000 843.139343
1809.000000 827.000671
752.000000 593.374084
2904.000000 1050.822021
1476.000000 908.027832
1650.000000 927.103882
1413.000000 971.030518
2003.000000 794.716797
1782.000000 951.685730
1421.000000 902.486145
2340.000000 955.290039
2674.000000 866.890686
2299.000000 915.803284
1475.000000 803.845398
1836.000000 1033.055908
2691.000000 858.999634
1881.000000 1013.928528
1557.000000 909.270081
2386.000000 793.005371
730.000000 677.393616
2323.000000 1053.618286
1530.000000 957.954712
2321.000000 1077.723877
1906.000000 689.673950
872.000000 847.415161
1143.000000 841.136475
1231.000000 953.971680
1292.000000 677.673462
1595.000000 841.509094
2442.000000 953.223389
2231.000000 1092.280151
2076.000000 978.246399
1693.000000 827.356018
1673.000000 608.044189
2147.000000 732.234314
1964.000000 892.106201
1272.000000 817.561584
1206.000000 723.293762
1444.000000 614.145813
2189.000000 756.963745
1523.000000 778.341980
2594.000000 792.565613
1707.000000 676.746521
1273.000000 649.518005
1367.000000 724.485779
1962.000000 776.050598
1790.000000 830.868042
2104.000000 771.116272
1512.000000 773.064697
1606.000000 802.731323
1191.000000 711.599304
2212.000000 723.001282
1028.000000 643.747620
1491.000000 788.938049
1274.000000 747.103210
1200.000000 740.814819
1597.000000 744.289734
1352.000000 693.589539
1297.000000 663.734924
1335.000000 715.242249
1238.000000 958.600098
1955.000000 629.652588
1486.000000 780.141663
1633.000000 780.150452
610.000000 688.470276
1626.000000 652.796448
1019.000000 676.678711
1692.000000 850.985107
1567.000000 860.323853
1381.000000 899.539795
3088.000000 942.363831
1639.000000 910.267395
1845.000000 807.970032
1380.000000 681.537048
1206.000000 777.108765
1755.000000 802.720093
2682.000000 863.264709
1786.000000 751.656860
1679.000000 994.016968
2007.000000 864.859436
1022.000000 716.140991
572.000000 764.644897
1173.000000 747.776306
2051.000000 921.715454
1668.000000 892.204651
751.000000 782.081665
1557.000000 770.170959
1040.000000 775.851868
1484.000000 805.382874
2364.000000 778.949524
1912.000000 980.165344
1305.000000 957.105652
1969.000000 985.289307
1376.000000 727.475952
1248.000000 759.439941
1192.000000 629.697266
1124.000000 745.968933
1533.000000 934.771729
2406.000000 920.595764
782.000000 647.957397
1121.000000 683.144714
1126.000000 588.703308
1517.000000 689.572144
1470.000000 1044.176270
2693.000000 717.344666
1340.000000 717.802795
2232.000000 905.148926
1764.000000 795.814636
1471.000000 781.600464
1602.000000 627.371887
1520.000000 657.091797
1326.000000 962.253235
2227.000000 838.425781
2301.000000 783.376526
2046.000000 784.403931
2755.000000 768.779541
2888.000000 803.482849
1521.000000 731.162231
1438.000000 845.494080
1122.000000 949.509399
1060.000000 668.330566
1100.000000 1040.054565
1919.000000 771.559387
1550.000000 665.771606
1764.000000 803.138306
1418.000000 749.761841
921.000000 630.453552
1409.000000 682.878113
1918.000000 806.503357
821.000000 607.780518
391.000000 662.737793
880.000000 786.544006
1602.000000 829.443909
2080.000000 911.652344
1399.000000 805.966980
2195.000000 1059.786987
1691.000000 912.127747
1171.000000 875.252625
1929.000000 906.948059
1677.000000 814.398743
1836.000000 855.730652
2305.000000 858.127808
1569.000000 964.101379
1669.000000 664.513611
1467.000000 776.172058
1368.000000 706.227905
1414.000000 700.331543
1857.000000 653.151672
1638.000000 750.290833
721.000061 787.899475
985.000000 710.881470
2545.000000 849.951172
1852.000000 671.084534
1186.000000 834.446472
1271.000000 906.936707
1939.000000 726.147156
2214.000000 756.017395
1190.000000 851.025879
2016.000000 820.507507
1093.000000 802.297302
1298.000000 717.799744
1745.000000 775.361145
1911.000000 861.852661
2274.000000 872.337280
1118.000000 642.671265
843.000000 705.328857
2357.000000 900.276001
1683.000000 754.252625
923.000000 638.298279
1041.000000 665.614441
3101.000000 887.295837
984.000000 784.024841
3119.000000 822.546082
1775.000000 783.252136
1356.000000 722.016113
2558.000000 863.141785
2094.000000 833.392090
1640.000000 871.693115
1942.000000 799.597473
2084.000000 899.407349
1809.000000 813.920715
867.000000 615.784119
1567.000000 675.873108
1061.000000 669.830322
1386.000000 654.472717
2592.000000 695.522583
1330.000000 723.513916
946.000000 844.679504
2336.000000 787.996521
1699.000000 585.101807
1329.000000 764.778198
813.000000 707.391541
1454.000000 576.540344
1829.000000 692.789124
1869.000000 688.523132
1417.000000 911.559998
2105.000000 771.219788
2721.000000 891.078308
2101.000000 854.492798
1152.000000 875.499573
701.000000 633.664429
2106.000000 782.204041
1827.000000 931.547729
2135.000000 917.316650
2585.000000 1013.321106
1557.000000 807.883789
1151.000000 663.028015
2309.000000 966.952637
1603.000000 934.700195
3039.000000 1031.893311
932.000000 804.233093
1484.000000 837.892273
1122.000000 940.373413
1757.000000 858.693481
2091.000000 962.844116
1749.000000 893.830750
1053.000000 645.017639
1287.000000 813.075684
752.000000 775.755981
1762.000000 940.504333
561.000000 706.223450
1156.000000 960.192749
1509.000000 691.505493
1822.000000 984.378601
1349.000000 742.564209
1314.000000 718.801392
2163.000000 657.135742
2186.000000 774.618713
1592.000000 711.342041
1151.000000 836.331787
2115.000000 581.081055
2649.000000 907.543640
2254.000000 854.122620
1423.000000 746.209595
2759.000000 804.577515
802.000000 632.211426
1287.000000 619.342651
1624.000000 732.442810
1610.000000 689.329956
1694.000000 597.819458
2030.000000 724.962524
1510.000000 713.850708
1204.000000 683.199036
1356.000000 797.804199
677.000061 669.483093
1649.000000 780.700684
1554.000000 1094.106201
1881.000000 858.107056
2026.000000 866.377502
1673.000000 710.479126
1072.000000 691.904907
1971.000000 819.922913
1540.000000 874.645264
976.000000 750.493896
1216.000000 607.095459
341.000000 494.880981
1983.000000 848.010559
2048.000000 725.814697
1460.000000 740.052185
825.000000 659.111694
2242.000000 872.647095
2452.000000 815.859985
1429.000000 1067.111084
1394.000000 985.023865
1453.000000 916.917969
1613.000000 796.693115
1362.000000 947.514893
1734.000000 933.353027
1983.000000 802.753357
1645.000000 851.163025
1632.000000 761.843750
1770.000000 943.609802
1157.000000 827.561401
1143.000000 945.747009
1841.000000 777.709961
1870.000000 813.597534
2882.000000 824.381775
1431.000000 746.591370
2317.000000 792.884460
1672.000000 834.586182
2172.000000 733.512634
1813.000000 647.473694
2241.000000 738.358276
1484.000000 801.204834
1682.000000 796.756042
1393.000000 822.748657
1675.000000 828.712219
2147.000000 780.635315
1389.000000 784.135498
2368.000000 773.807251
1432.000000 842.116333
1053.000000 684.510986
1955.000000 753.415405
400.000000 673.707214
1588.000000 656.635681
2338.000000 825.246094
2132.000000 951.012268
1056.000000 880.197327
1406.000000 669.831177
1221.000000 926.048584
1017.000000 763.112244
1098.000000 652.044800
575.000000 652.485962
1799.000000 725.408569
1895.000000 814.075134
1713.000000 814.124695
320.000000 718.621582
1650.000000 884.716858
1524.000000 872.883606
2046.000000 792.472107
414.000000 695.664246
1745.000000 613.696899
1906.000000 863.661316
1745.000000 626.480774
1915.000000 754.783264
2525.000000 840.595581
2785.000000 867.625732
1959.000000 763.654785
2449.000000 717.671021
1305.000000 695.609009
1353.000000 708.064880
873.000000 733.564453
1968.000000 768.699036
1011.000000 799.362183
1565.000000 1017.653198
1386.000000 775.898621
953.000000 867.826904
1016.000000 804.571045
1440.000000 767.321167
911.000000 822.402954
1789.000000 840.816895
2091.000000 884.056274
2026.000000 845.636230
1378.000000 732.172485
1324.000000 891.540039
1669.000000 895.339661
472.000000 547.080566
1572.000000 782.813110
2362.000000 906.556580
1605.000000 895.916077
1608.000000 737.641479
1166.000000 891.148315
653.000000 679.832825
1943.000000 1046.280029
1730.000000 954.730835
1517.000000 875.913574
1072.000000 798.677063
799.000000 789.829407
1365.000000 714.448486
1488.000000 786.772461
1574.000000 974.960266
1425.000000 676.734802
1387.000000 985.626770
722.000061 711.717773
1812.000000 953.197937
1435.000000 684.882324
3377.000000 747.582764
1957.000000 793.215942
1633.000000 960.620789
1535.000000 823.802856
912.000000 672.134399
1169.000000 813.930359
2357.000000 901.890564
1959.000000 835.083008
2140.000000 823.622253
311.000000 600.666443
1252.000000 720.877808
1452.000000 787.282898
1331.000000 672.885681
2001.000000 825.480225
1936.000000 819.200562
1248.000000 655.498291
1091.000000 581.718323
1568.000000 780.148804
1323.000000 679.263062
1350.000000 783.197388
1422.000000 752.354553
2366.000000 829.765625
1616.000000 888.887878
1402.000000 785.481750
1193.000000 571.397339
2677.000000 749.468811
590.000000 622.198364
1368.000000 797.372620
1274.000000 631.589478
1416.000000 733.649475
1450.000000 652.454224
1527.000000 720.648560
1137.000000 914.759399
1469.000000 757.033813
1505.000000 991.287415
1505.000000 764.927612
2062.000000 806.986572
951.000000 756.260254
1832.000000 832.030212
1484.000000 741.458069
1160.000000 872.917358
2398.000000 863.462036
2070.000000 1017.138611
2289.000000 807.201111
1231.000000 729.821655
1156.000000 720.223083
2193.000000 753.919861
825.000000 799.452148
710.000000 762.940796
2063.000000 776.594727
857.000061 559.575378
1398.000000 700.269104
1720.000000 902.241760
556.000000 611.324707
1408.000000 740.793091
1482.000000 676.146606
844.000000 680.433105
1094.000000 815.301819
1375.000000 794.977356
2205.000000 736.633179
2512.000000 809.949097
929.000000 757.541199
2242.000000 822.292786
1675.000000 717.242859
1472.000000 725.202332
1212.000000 819.134155
1598.000000 777.703369
1447.000000 615.982239
2020.000000 759.019287
1022.000000 699.085754
1690.000000 699.545471
660.000000 613.446289
1199.000000 857.071350
1242.000000 783.815796
1121.000000 638.566528
1667.000000 735.759094
1359.000000 717.742371
1779.000000 765.697693
1441.000000 697.746399
1423.000000 775.129028
1455.000000 692.717102
2836.000000 797.078064
1177.000000 778.331238
1308.000000 770.371643
1429.000000 728.995300
2412.000000 665.278931
1442.000000 707.418762
1843.000000 636.575134
1816.000000 699.679321
2704.000000 681.851562
593.000000 659.806396
1091.000000 580.588257
1424.000000 575.022217
1092.000000 584.798706
1027.000000 652.494873
802.000000 769.217773
1167.000000 740.049500
2478.000000 991.874634
1763.000000 750.916321
1296.000000 882.059814
1687.000000 887.039856
2171.000000 784.632324
1416.000000 762.899902
1193.000000 921.460266
590.000000 751.746948
1657.000000 905.279541
1933.000000 692.705444
1264.000000 815.328003
1229.000000 751.245056
701.000000 651.439758
1853.000000 793.414001
1292.000000 849.232910
1613.000000 1042.698242
670.999939 682.707214
1228.000000 704.802368
1809.000000 729.086365
2263.000000 854.572937
631.000061 627.469299
1788.000000 991.660156
1904.000000 993.531799
1057.000000 673.345032
1593.000000 910.241394
1367.000000 670.660339
797.000000 781.063171
783.000000 711.524963
1032.000000 666.339355
1646.000000 896.962463
2016.000000 835.213318
1229.000000 754.796326
1025.000000 848.882874
674.000061 565.843506
1519.000000 725.412659
911.000000 703.618164
1660.000000 711.134338
1795.000000 716.583923
1336.000000 656.540527
1958.000000 718.450195
1431.000000 686.351868
1627.000000 672.586792
2154.000000 761.096436
1885.000000 744.952209
949.000000 690.492737
876.000000 722.117310
1083.000000 815.772949
1128.000000 705.171265
1379.000000 660.804565
1370.000000 642.788208
1167.000000 601.594666
1537.000000 668.404785
1400.000000 657.602905
1043.000000 683.665100
1500.000000 615.657959
943.000000 750.485901
864.000000 672.556580
1749.000000 791.663818
1127.000000 626.556702
730.000000 653.640076
1523.000000 764.672241
1668.000000 647.464050
1010.000000 672.555420
1199.000000 622.038574
2077.000000 850.658813
1209.000000 904.042786
290.000000 494.567383
1842.000000 745.954163
883.000000 747.997375
665.000000 698.278931
1878.000000 777.226685
2251.000000 992.064026
1298.000000 788.484070
1319.000000 842.327759
710.000000 754.223755
2050.000000 967.326599
1941.000000 753.300842
1513.000000 750.649658
1212.000000 716.104065
1202.000000 616.708618
513.000000 728.610657
1775.000000 783.781128
1618.000000 638.459961
1005.000000 694.630188
1252.000000 780.369812
553.000000 538.898743
1320.000000 691.319336
1332.000000 712.757080
2639.000000 792.381958
351.000000 717.114990
2759.000000 624.749268
2176.000000 804.763062
1159.000000 635.769165
1516.000000 756.873291
1776.000000 727.745422
1525.000000 681.802551
2059.000000 683.712891
1166.000000 692.512939
1715.000000 758.693054
1318.000000 759.101807
1609.000000 784.425964
1551.000000 691.415894
991.000000 726.105957
1924.000000 808.154602
1067.000000 720.785645
695.000000 676.192749
1013.000000 672.722290
1251.000000 658.622192
1898.000000 695.391418
1932.000000 730.112549
2330.000000 823.219299
1773.000000 742.878174
1132.000000 771.223511
1146.000000 678.964600
1323.000000 657.139587
2272.000000 673.216370
1233.000000 562.776245
1513.000000 567.180237
2206.000000 654.465881
1027.000000 585.783508
1444.000000 667.901855
1162.000000 589.378540
1289.000000 542.217712
1011.000000 596.714050
1200.000000 690.293091
1752.000000 617.967590
1113.000000 747.409485
1868.000000 783.508789
1287.000000 929.905029
1502.000000 813.804382
1215.000000 870.697815
1664.000000 639.517578
1553.000000 850.834717
1063.000000 971.180786
1515.000000 749.188232
1131.000000 637.285828
551.000000 500.345947
1142.000000 790.350586
540.000061 614.838867
759.999939 593.851990
1992.000000 642.489441
1556.000000 697.660095
1505.000000 695.725586
516.000000 734.254272
1202.000000 692.610107
1230.000000 679.300415
1037.000000 598.427856
1335.000000 456.199097
430.000000 663.820435
1324.000000 691.780090
781.000000 724.169312
846.000000 664.104004
1164.000000 551.219421
1345.000000 691.544617
934.000000 615.722839
1358.000000 773.953491
1414.000000 657.857788
2044.000000 803.032227
241.000000 645.749878
1295.000000 626.298889
1184.000000 652.078857
1733.000000 620.805664
1545.000000 521.102173
1150.000000 555.388611
829.000000 668.077271
1119.000000 673.524536
1472.000000 714.328308
1849.000000 650.367920
1074.000000 594.525146
1435.000000 613.245361
1494.000000 716.342590
1038.000000 642.828918
1417.000000 582.712524
1487.000000 709.731628
876.000000 635.750244
1022.000000 639.812195
719.000061 795.824036
1816.000000 799.345337
1114.000000 697.107788
1430.000000 717.082764
1934.000000 772.773926
1199.000000 609.501770
1001.000000 612.356262
1714.000000 848.906494
1495.000000 653.381409
521.000000 686.452576
1732.000000 868.662170
571.000000 665.409180
1328.000000 568.418762
953.000000 579.195618
1734.000000 693.118408
1417.000000 780.466309
1259.000000 881.304810
1123.000000 723.125488
1337.000000 882.418091
1102.000000 766.890137
842.000000 717.843445
812.000061 742.165283
1599.000000 631.230591
1595.000000 1048.846680
1341.000000 679.614380
964.000000 690.693848
1156.000000 1014.794617
843.000000 887.240295
1574.000000 652.166504
1457.000000 902.332275
460.000000 646.560059
1301.000000 806.416504
1276.000000 980.091553
1294.000000 609.080078
1588.000000 978.144897
1161.000000 787.403687
846.000000 746.498413
590.000000 683.149292
1711.000000 840.540588
1218.000000 649.760010
1667.000000 721.361084
1113.000000 1006.355286
1444.000000 763.454956
1224.000000 728.287598
841.000000 548.585205
1695.000000 714.051697
1027.000000 806.097961
1080.000000 770.834473
1392.000000 700.509644
1155.000000 738.207703
1324.000000 750.279968
1030.000000 897.360718
893.000000 672.813110
1232.000000 700.406616
957.000000 685.667419
1002.000000 885.436462
790.000000 822.381348
1336.000000 819.596313
2475.000000 769.555664
1405.000000 763.417664
1389.000000 719.763306
1262.000000 777.322693
1097.000000 629.493713
1525.000000 703.832947
1725.000000 702.399963
1220.000000 860.409485
1074.000000 613.991516
817.000000 563.759827
1238.000000 797.529480
913.000000 670.840027
1679.000000 654.180115
1105.000000 621.028259
532.000000 557.900696
865.000000 647.689758
833.000000 615.220032
948.000000 652.322571
1301.000000 633.960815
846.000000 593.391235
887.000000 591.142517
929.000000 841.890381
1225.000000 838.327087
577.000000 528.572021
1333.000000 773.353149
736.000000 489.125854
1512.000000 683.340271
1923.000000 923.160522
1373.000000 794.971069
653.000000 606.508423
721.000061 699.201843
1579.000000 745.183228
1171.000000 656.549377
963.000000 790.541626
1597.000000 953.045776
1394.000000 670.843689
1605.000000 781.750610
730.000000 713.966858
2124.000000 891.521362
971.000000 724.047852
813.000000 822.097168
280.000000 521.883423
663.000000 703.008728
1263.000000 952.248901
1796.000000 798.321350
862.000000 787.954407
798.000000 893.785095
1236.000000 1005.552612
1172.000000 704.631775
687.000000 653.220154
1172.000000 660.070618
1041.000000 599.778137
900.000061 721.902344
1081.000000 650.819946
987.000000 657.405273
1495.000000 722.902100
612.000000 641.060181
750.000000 732.335876
1164.000000 562.728394
1023.000000 608.177612
272.000000 531.935181
793.000000 546.011414
668.999939 629.745056
980.000000 785.536987
320.000000 562.635010
1692.000000 618.081360
801.000000 580.860962
550.000000 685.574768
1575.000000 651.097839
785.000000 665.387146
1513.000000 609.568420
1300.000000 687.507446
2018.000000 741.057007
1151.000000 635.126038
695.000000 667.878357
1316.000000 841.169800
946.000000 629.051819
2018.000000 653.914612
1793.000000 710.912476
1042.000000 664.377563
1753.000000 677.167236
893.000000 676.948059
973.000000 689.826050
938.000000 671.837402
600.000000 702.643494
1059.000000 661.056458
907.000000 719.443359
1082.000000 680.590698
1068.000000 704.704468
1029.000000 940.594727
1022.000000 826.179443
931.000000 634.847717
1007.000000 664.285034
1223.000000 708.688660
1110.000000 999.719116
1222.000000 876.006836
1571.000000 754.955139
1571.000000 756.187073
862.000000 716.875488
1310.000000 858.629333
819.000000 677.253845
1047.000000 612.179871
1146.000000 807.784973
1182.000000 793.689331
1186.000000 689.198975
580.999939 644.822693
482.000000 562.515503
572.000000 651.567322
1093.000000 647.334717
812.000061 607.023193
1085.000000 789.816895
832.000000 618.884216
1373.000000 751.062195
752.000000 919.380371
1057.000000 750.845398
702.000000 729.115845
1228.000000 796.876526
1383.000000 898.461121
801.000000 675.471375
718.000061 969.214355
1539.000000 829.386597
945.000000 639.455139
1724.000000 744.454346
640.000000 724.666931
938.000000 692.151428
778.000000 765.347107
641.000000 663.263733
1172.000000 779.596436
1221.000000 750.377258
552.000000 683.668335
1325.000000 649.913452
757.000000 645.469849
879.000000 676.556641
1001.000000 780.817993
984.000000 460.168335
866.000000 798.242249
666.000000 600.259460
830.000000 763.085205
1075.000000 700.153809
2079.000000 670.058594
1605.000000 679.116150
610.000000 673.241516
643.000000 737.124939
803.000000 631.556335
1127.000000 724.412659
750.000000 690.522644
538.000061 756.583435
729.000000 617.883667
632.000061 799.829224
432.000000 622.676636
971.000000 817.799866
1108.000000 613.728638
1083.000000 484.258911
1282.000000 547.460388
1131.000000 660.785767
1065.000000 745.932190
668.000000 861.915527
1698.000000 684.447327
1310.000000 906.303345
2300.000000 634.286682
692.000000 925.567261
701.000000 672.180664
676.000061 578.725220
1480.000000 720.094604
609.000000 647.295654
892.000000 723.456543
680.000000 612.524109
1209.000000 650.936951
1150.000000 947.412537
622.000000 644.446289
510.000000 687.677612
1378.000000 756.860840
810.000061 905.550049
1199.000000 749.709900
975.000000 881.037598
982.000000 691.897278
764.000061 736.745483
947.000000 619.453979
992.000000 615.006104
622.000000 752.390686
884.000000 654.591125
980.000000 726.252258
726.000000 598.182739
750.000000 605.664917
842.000000 670.939453
401.000000 590.238098
1419.000000 699.393616
1163.000000 587.079590
1277.000000 763.994507
819.000000 598.412292
840.000000 583.761841
1065.000000 560.078125
906.000000 611.649475
944.000000 521.599365
502.000000 614.571594
271.000000 536.387756
1250.000000 585.641296
958.000000 628.436951
1235.000000 590.561401
680.000000 542.316528
955.000000 581.741089
1334.000000 671.545105
1247.000000 603.034912
321.000000 520.278931
1292.000000 536.792542
1261.000000 548.640930
658.000000 543.215393
646.000000 674.721436
577.000000 606.633850
702.000000 567.924500
822.000000 668.705933
862.000000 695.395081
796.000000 602.449829
516.000000 873.315552
658.000000 712.734863
654.000000 1000.632690
817.000000 757.325134
301.000000 642.271851
703.000000 594.240723
905.000000 944.018494
901.000061 604.057739
1030.000000 574.973999
975.000000 614.128723
901.000061 649.001831
1243.000000 574.971313
1288.000000 557.859497
891.000000 574.666138
886.000000 584.943298
710.000000 701.941711
733.000000 584.534668
1066.000000 631.736572
1114.000000 543.966675
1152.000000 679.418884
733.000000 620.760437
1275.000000 577.808411
622.000000 474.734375
1040.000000 480.475464
862.000000 716.332092
1214.000000 522.559814
819.000000 580.720215
789.000000 655.346741
808.000061 538.499451
1413.000000 639.742493
665.000000 628.592712
431.000000 705.014771
421.000000 625.279846
715.999939 664.258850
450.000000 614.686951
220.000000 520.335083
565.000000 675.363220
484.000000 621.657349
639.000000 614.439270
561.000000 611.477051
972.000000 644.808228
803.999939 596.197754
1034.000000 683.364868
901.000061 549.570923
1151.000000 589.448120
610.000000 642.092590
602.000000 503.639404
530.000000 583.586121
1356.000000 501.265259
604.000000 517.968384
934.000000 562.865906
576.000000 646.750183
190.999878 454.861450
468.000000 625.971924
490.000000 662.325623
1162.000000 608.217896
463.000000 544.941345
998.000000 586.443481
2253.000000 551.611145
1004.000000 502.865601
829.000000 534.561401
757.000000 546.315063
1482.000000 658.864685
792.000000 574.973511
671.999939 755.343506
887.000000 580.517944
474.000000 576.192627
378.000000 635.937683
441.000000 663.775696
1166.000000 671.916504
832.000000 592.310669
453.000000 506.437866
552.000000 609.017029
1165.000000 534.762756
689.000000 587.256836
1153.000000 541.862732
972.000000 611.883362
453.000000 507.806641
577.000000 548.499817
671.999939 621.834290
331.000000 428.528687
694.000000 565.356873
651.000000 544.036560
342.000000 614.559204
668.000000 705.466919
899.000061 575.990112
551.000000 602.664062
590.000000 563.830872
1391.000000 629.192078
508.000000 632.759644
911.000000 621.983032
664.000000 698.194397
750.000000 601.389587
453.000000 506.437866
618.000000 556.939636
884.000000 599.457764
524.000000 545.199585
571.000000 560.651672
1039.000000 542.617065
636.000000 370.219238
1119.000000 438.392578
310.000000 566.765320
391.000000 489.639771
574.000000 493.487549
1206.000000 581.713013
566.000000 555.164062
785.000000 521.162720
1132.000000 474.347656
788.000000 557.234741
937.000000 530.375000
2130.000000 550.218323
647.000000 611.570435
699.000000 537.210205
713.000000 582.791016
843.000000 472.304199
1315.000000 587.429810
766.000061 445.606445
723.000000 567.122009
1183.000000 618.390686
1476.000000 559.986633
1079.000000 551.946289
1345.000000 557.390198
1146.000000 535.991943
390.000000 507.869873
343.000000 519.494995
983.000000 573.915588
1468.000000 600.610840
1024.000000 936.802612
502.000000 434.307983
934.000000 581.125977
646.000000 520.211914
580.999939 550.840942
784.000000 606.536987
494.000000 596.460022
1106.000000 584.635498
1034.000000 463.748779
921.000000 538.156006
485.000000 562.556396
722.000061 599.799438
502.000000 628.000549
654.000000 475.267578
388.000000 697.626465
281.000000 456.162476
742.000000 590.102478
1164.000000 560.467651
703.000000 582.133179
820.000000 536.800415
750.000000 588.714172
524.000000 534.028198
611.000000 548.128113
785.000000 524.749146
468.000000 582.589417
692.000000 581.835815
1284.000000 646.129150
761.999939 599.353638
704.000000 614.076172
610.000000 530.604248
551.000000 614.595398
579.999939 517.277832
1208.000000 564.981628
542.000061 496.741577
836.000000 547.890808
231.000000 480.384644
445.000000 589.508362
854.000061 508.264160
2082.000000 583.447449
431.000000 570.080078
551.000000 560.541931
2218.000000 456.425415
662.000000 491.877686
365.000000 490.771606
547.000000 580.338501
716.999939 552.546265
280.000000 613.521790
283.000000 500.008057
429.000000 456.485596
411.000000 513.031982
841.000000 474.779663
418.000000 444.832642
210.000000 429.749878
761.999939 555.037109
1145.000000 536.698425
277.000000 508.917969
